dataset: 'azure'
tracking:
  vis_freq: 50
  vis_inside_freq: 25
  ignore_edge_W: 20
  ignore_edge_H: 20
  seperate_LR: False
  const_speed_assumption: True
  gt_camera: False
  lr: 0.003
  pixels: 200
  iters: 50
mapping:
  every_frame: 5
  vis_freq: 50
  vis_inside_freq: 30
  mesh_freq: 50
  ckpt_freq: 500
  keyframe_every: 50
  mapping_window_size: 10
  pixels: 5000
  iters_first: 1500
  iters: 60
  bound: [[-2.959658145904541,4.1054158210754395],[-2.7112045288085938,2.6399999856948853],[-2.218221426010132,5.106048583984375]]
  marching_cubes_bound: [[-2.959658145904541,4.1054158210754395],[-2.7112045288085938,2.6399999856948853],[-2.218221426010132,5.106048583984375]]
cam:
  H: 720 
  W: 1280
  fx: 612.4511337280273
  fy: 612.4297714233398
  cx: 636.7860412597656
  cy: 368.3033752441406
  png_depth_scale: 1000.0 #for depth image in png format
  crop_edge: 0
data:
  input_folder: /mnt/Data/Datasets/Depth/handhold/20220407170652
  output: output/Lige0407
meshing:
  depth_test: True
  get_largest_components: True
  